-0.980208,1.30772,-2.11357,-1.6541,-0.643263,-3.30113,
-1.30493,1.40712,-2.71519,-1.80473,-1.04272,-1.72531,
-2.30543,2.29278,-0.994394,-1.19354,-1.22825,-1.98561,
-1.79904,2.80383,-0.184517,-1.38388,-3.55195,-0.276776,
-1.35841,1.95772,-1.63808,-0.479439,-2.16916,-2.3972,
-2.13878,1.08357,-1.10417,-2.15874,-1.62468,-1.89006,
-2.26035,1.1051,-1.72404,-3.20092,-0.566085,-1.14351,
-1.75881,0.7378,-2.7575,-0.511394,-2.33844,-1.89606,
-1.01049,1.99455,-0.949785,-1.95497,-3.20412,-0.886097,
-3.09929,2.31635,-0.548831,-0.38741,-0.548831,-3.09929,
-2.25924,2.38135,-2.89498,-1.3541,-0,-1.11033,
-2.36103,1.05147,-1.83137,-0.544545,-2.12443,-2.08714,
-1.73461,1.18469,-2.2239,-0.971508,-2.09872,-1.78658,
-0.901639,1.35246,-2.9918,-2.62295,-1.68033,-0.45082,
-2.28594,1.29979,-0.752457,-2.36685,-2.51736,-0.777599,
-2.39131,1.66826,-2.92798,-0.442602,-1.82082,-0.749019,
-2.20971,1.97711,-2.16319,-1.09138,-0.534981,-2.02362,
-1.70731,2.0219,-2.40775,-0.909893,-1.85179,-1.10135,
-2.98649,1.25272,-2.73322,-0.626363,-0.82566,-1.57555,
-3.68596,2.48476,-0.520372,0.0301377,-1.38766,-1.95139,
-0.731707,1.12805,-1.46341,-2.53049,-2.89634,-1.25,
-1.56467,2.39017,-2.47452,-0.731111,-1.2367,-1.60282,
-0.106626,2.42958,-2.39908,-0.733053,-1.26618,-3.06549,
-0.532466,1.58792,-4.02556,-1.17115,-1.14898,-1.53392,
-1.42145,1.89526,-2.29426,-2.21945,-1.87032,-0.299252,
-2.01143,0.724168,-2.18347,-1.23907,-2.90141,-0.940452,
-2.81755,4.75878,-0.526115,-0.297748,-0.625507,-0.974305,
-1.41884,1.73145,-2.99422,-1.23034,-1.77162,-0.853537,
-1.00918,1.20567,-3.10028,-1.4468,-3.03139,-0.206685,
-1.48965,2.44005,-2.38343,-1.78757,-1.71309,-0.186206,
-2.40577,1.46793,-1.70641,-1.00706,-1.53857,-1.87425,
-1.31645,1.71258,-1.97463,-2.47832,-0.807648,-1.71037,
-2.05265,0.672536,-2.62618,-0.15093,-1.75079,-2.74692,
-2.457,0.994501,-0.756991,-2.10601,-1.66725,-2.01825,
-1.87389,2.33868,-0.986924,-1.59275,-1.54652,-1.66122,
-0.967459,3.15175,-2.12462,-0.608616,-0.884028,-2.26353,
-3.57361,0.959227,-2.4559,-2.27321,-0.135437,-0.602607,
-0.116326,2.20494,-2.85167,-1.758,-0.98329,-2.08576,
-1.05968,2.79644,-2.84647,-1.05101,-0.828684,-1.41771,
-1.93764,1.37715,-1.69935,-1.76667,-1.60678,-1.61241,
-1.05861,2.45815,-3.28242,-1.02047,-0.938191,-1.24216,
-1.13164,2.12066,-1.97193,-1.32017,-1.26267,-2.19292,
-1.6281,1.51344,-1.97147,-1.79131,-1.16948,-1.92619,
-2.6862,1.6967,-0.859823,-2.18736,-1.18834,-1.38157,
-2.86996,2.41753,-2.46843,-0.407163,-2.1885,0.351585,
-1.79256,1.95717,-2.28417,-1.02445,-1.00133,-1.94031,
-0.90625,1.98336,-0.844776,-2.0763,-3.40164,-0.787682,
-3.40465,0.89596,-2.29366,-2.76064,-0.0716769,-0.573415,
-1.95373,0.728928,-2.62606,-0.423675,-1.79524,-2.47236,
-2.20729,2.46101,-0.456681,-1.95358,-1.8521,-1.06935,
-2.58065,4.46237,-0.376344,-1.12903,-0.537634,-0.913978,
-1.74468,2.85106,-1.44681,-0,-2.93617,-1.02128,
-2.26814,2.32751,-0.616039,-1.42809,-0.588037,-2.77218,
-2.1957,2.02137,-2.23912,-0.605552,-0.85789,-2.08038,
-0.901465,0.193171,-3.57193,-0,-4.17441,-1.15903,
-1.65974,1.97314,-1.8275,-0.425039,-1.83633,-2.27826,
-0.0732601,1.8315,-3.33333,-1.31868,-2.71062,-0.732601,
-2.24445,1.61265,-1.75403,-1.27556,-0.563288,-2.55002,
-2.14499,0.818481,-1.91919,-2.85947,-0.705587,-1.55229,
-1.20745,1.44301,-2.22499,-1.83775,-0.88611,-2.40068,
-1.60121,2.05438,-1.41994,-1.32931,-1.87311,-1.72205,
-2.23763,0.988385,-2.09923,-1.36828,-2.26293,-1.04355,
-2.16828,3.20388,-1.13269,-3.04207,-0.0970874,-0.355987,
-2.24838,0.977379,-1.65143,-1.247,-2.22438,-1.65143,
-0.852635,2.3737,-2.68952,-0.973041,-0.975954,-2.13515,
-1.72948,1.86784,-2.00619,-1.42178,-1.59112,-1.38358,
-3.07927,2.86932,-1.92454,-1.18972,-0.489884,-0.447264,
-0.760302,3.4636,-1.22494,-2.52369,-1.39389,-0.633585,
-2.4043,2.13509,-2.01902,-0.775498,-1.59658,-1.06951,
-2.80967,1.45015,-0.876133,-0.694864,-2.53776,-1.63142,
-2.16123,1.62309,-2.54716,-2.93309,-1.19639,0.460958,
-1.75714,2.96423,-1.41284,-2.58848,-0.345086,-0.93222,
-1.08469,1.42604,-1.55958,-0.986077,-2.6754,-2.2682,
-2.24749,0.334792,-2.2208,-1.45505,-2.57855,-1.16331,
-1.78707,0.988593,-2.69962,-1.44487,-2.62357,-0.456274,
-1.36692,1.67904,-1.66139,-1.77728,-1.01766,-2.49771,
-1.95531,0.810056,-2.15084,-2.03911,-2.7095,-0.335196,
-1.64559,2.32639,-1.50488,-1.50433,-1.62912,-1.38969,
-1.67933,1.54722,-2.18759,-2.36703,-1.49224,-0.726585,
-1.74934,2.64619,-1.58462,-0.158936,-2.90178,-0.959129,
-1.36364,0.454545,-2.5,-0.511364,-5.05682,-0.113636,
-1.94734,2.50871,-0.925282,-1.81195,-1.7365,-1.07021,
-1.37607,1.70453,-1.76985,-2.4832,-1.40274,-1.26361,
-1.7873,2.5119,-1.22166,-1.29126,-1.61937,-1.56852,
-1.04871,1.44049,-2.3266,-2.78695,-1.87085,-0.526408,
-2.27562,1.3386,-0.613832,-2.51657,-2.61285,-0.642529,
-0.832603,2.25933,-1.94785,-1.34737,-3.08081,-0.532038,
-2.74368,0.974729,-1.55235,-2.09386,-2.31047,-0.32491,
-1.75307,2.80152,-1.38901,-0.170142,-2.80561,-1.08064,
-0.841498,3.74004,-1.31822,-1.88682,-1.52227,-0.691151,
-2.2659,1.34512,-0.667771,-2.51243,-2.57054,-0.638219,
-2.11133,0.461855,-1.05567,-2.17732,-2.3464,-1.84742,
-1.45571,2.37873,-2.1287,-2.12996,-1.30324,-0.603662,
-1.14324,2.43434,-1.38107,-1.3591,-3.23224,-0.449989,
-2.53661,1.26754,-0.845836,-2.46512,-1.75967,-1.12522,
-1.76282,2.37179,-0.99359,-1.66667,-1.60256,-1.60256,
-2.74069,1.25118,-0.655382,-2.56195,-1.90656,-0.884229,
-2.59339,1.20137,-1.11864,-2.05237,-2.1525,-0.88174,
-2.50774,1.05263,-1.64087,-3.06502,-0.557276,-1.17647,
-0.693431,0.912409,-2.77372,-3.43066,-2.11679,-0.0729927,

